1.433904337243829472e-02,1.476042726758676760e-01,2.955592827064386086e-01,2.539419136031779156e-01,1.695643583996488402e-01,8.697389287743244324e-02,3.355646759278229588e-03,2.866158960571797004e-02
2.447239755432550789e-05,1.011812746981262945e-01,3.143040033808965350e-01,2.221688587199846798e-01,2.020267997493818135e-01,8.123039380930194286e-02,7.781205902264748397e-02,1.252138222107003224e-03
0.000000000000000000e+00,0.000000000000000000e+00,3.092340911963975536e-01,2.860569382324394394e-01,1.950972670619734173e-01,3.223340224158290079e-02,5.236133523731346245e-02,1.250169660302930530e-01
4.489649303388894980e-02,1.029690343644513589e-01,2.901276462125764177e-01,2.351265151477963111e-01,1.520251301448268255e-01,7.678219533698450727e-02,8.327285729829244157e-03,8.974570002964647741e-02
4.478386862866658158e-02,1.462695060815274173e-01,2.577251243416278648e-01,2.564680117679706828e-01,1.811554324837002239e-01,2.217905424048629767e-02,1.820100811090082744e-03,8.959890164493100606e-02
8.883425135399217858e-08,1.014756676034930805e-01,3.169103413190202390e-01,2.205725108146553981e-01,1.992118404606937898e-01,7.803666964840839937e-02,8.379267558617829736e-02,2.057332994020850373e-07
0.000000000000000000e+00,1.360483993320826535e-01,2.736330954093479928e-01,2.453755753911864568e-01,1.964061623732442918e-01,4.118124138776308590e-02,7.636037918627091095e-03,9.971948818774835355e-02
2.991495266946980452e-07,1.037966413191204335e-01,3.096093566517050255e-01,2.466806503704914444e-01,1.751223697721532024e-01,7.500449045752279054e-02,8.978558977329885449e-02,6.025061816196459237e-07
1.436592747070144192e-02,1.484009192284639622e-01,2.980384734056397700e-01,2.652629927275310107e-01,1.926495286470446544e-01,4.135965086034799204e-02,1.096049016392036148e-02,2.896201749635103975e-02
0.000000000000000000e+00,1.240871318804031426e-01,2.880957882755218469e-01,2.447967742943699954e-01,1.893345141086627270e-01,3.977886259634054456e-02,9.273999806963844489e-03,1.046329290377379651e-01
1.089817355953884466e-02,1.239876647689475697e-01,2.892985489874466687e-01,2.417899735631423852e-01,1.648712548916473897e-01,7.080884703999160146e-02,7.655858373706686537e-02,2.178695345221859717e-02
1.395812731983406794e-02,1.376437099871869463e-01,2.660095503508991821e-01,2.569896235524742334e-01,1.549778161000646415e-01,6.813361411326641914e-02,7.439394393924697590e-02,2.789361463702740018e-02
1.396628665702370937e-02,1.373177049559220209e-01,2.645580731772561034e-01,2.558775743850525974e-01,1.565907434970375822e-01,6.822620411295442222e-02,7.549124758911245070e-02,2.797216562564106695e-02
0.000000000000000000e+00,6.638935050615413225e-02,3.080287034215516973e-01,2.410932730647631639e-01,1.421475983507399787e-01,9.556321966821657021e-02,2.580851937548619274e-02,1.209693356130884662e-01
0.000000000000000000e+00,1.193333689991668972e-01,2.873606137265862781e-01,2.839531001277138533e-01,1.765520058788941915e-01,1.496498227260457253e-02,7.831467729225718381e-04,1.170527822221114067e-01
4.605632955290532571e-02,1.164462694659034181e-01,2.924120903058810561e-01,2.531321798124256950e-01,1.686862066820840333e-01,2.676481083005498307e-02,4.424918342812881288e-03,9.207719500793261347e-02
5.180076509422221892e-02,7.868491308729359812e-02,2.918003754467370370e-01,2.265611355415758366e-01,1.823366960327263420e-01,4.843386856547985536e-02,1.681553015255186218e-02,1.035667160794133540e-01
4.436790644829800845e-02,8.722492621316631223e-02,2.831384940821233820e-01,2.298866960034226803e-01,1.443516175181908112e-01,5.746803576917793033e-02,6.459220549531204114e-02,8.897011847030862619e-02
4.797478212348155191e-02,1.411551738423950375e-01,2.643767465479260337e-01,2.708869954639590572e-01,1.671946105491464163e-01,1.204039089549473543e-02,3.253290026696742301e-04,9.604597157492761328e-02
9.179855264438643511e-03,1.120284431936493241e-01,2.890048717775636766e-01,2.632736879935790864e-01,1.438215555776934662e-01,8.653211308282424130e-02,9.615947311025156707e-02,0.000000000000000000e+00
4.844284013135001510e-02,1.402816707332768809e-01,2.650405623244136422e-01,2.730084575780203915e-01,1.646076733324345898e-01,1.149593902260626598e-02,4.228738513246112717e-04,9.669998302657359379e-02
5.522197411017160801e-02,1.163718763821624258e-01,3.036708322708493446e-01,2.489185129881180680e-01,1.652937603981030623e-01,9.129614331332105070e-05,6.200123481498540818e-06,1.104255475838007844e-01
4.362449442045295001e-02,1.364252998305228448e-01,2.531438918359767976e-01,2.658038451376785183e-01,1.496731771508661712e-01,6.407728714067140174e-02,1.566126620305651721e-05,8.723634321762829824e-02
2.280782038310291433e-03,9.487198501035577769e-02,3.199519417070445515e-01,2.348137520728456051e-01,1.922140496025826206e-01,7.639516114476477271e-02,7.947232842409625297e-02,0.000000000000000000e+00
1.357497406380112417e-02,1.402710376406985093e-01,2.855955309040969503e-01,2.637621987083962893e-01,1.711086394000102540e-01,1.401354875496641124e-02,8.415877292010610911e-02,2.751529760792418774e-02
1.011255545803005015e-02,1.193635413317757216e-01,2.926244668262437121e-01,2.417028721642750511e-01,1.694398391296650375e-01,6.857548342521319062e-02,7.795913903101289733e-02,2.022210263378440911e-02
5.994055730369255569e-02,7.555473752873928528e-02,3.107608609277214273e-01,2.575243151314286494e-01,1.760756953114611112e-01,1.667207912122841698e-04,1.199771130057448038e-01,0.000000000000000000e+00
5.696872885413273302e-02,1.029951186694576387e-01,2.918664407216681189e-01,2.663895323053521169e-01,1.534449186394379050e-01,1.363637412061226122e-02,8.918052653084989831e-04,1.138070814240306761e-01
4.521077771621474783e-02,1.038769594793797352e-01,3.005748069351066865e-01,2.422051657018902682e-01,1.719191763040174015e-01,3.604243545109866304e-02,9.320082032447147766e-03,9.085059637984531367e-02
5.462598414805618086e-02,8.758103016693974396e-02,3.097874152494040079e-01,2.600234693946325004e-01,1.789650168593041324e-01,1.090170841816634900e-01,0.000000000000000000e+00,0.000000000000000000e+00
4.424319304492273230e-02,8.637050088780712231e-02,2.847711302235383934e-01,2.214211886937855200e-01,1.563102817113297405e-01,5.878560758371734196e-02,5.925132547031953384e-02,8.884677238457962256e-02
5.004225268037787444e-02,8.936766280495686554e-02,2.953576149959050712e-01,2.394281415103011457e-01,1.580580367405850784e-01,6.690535749498352502e-02,6.835596987891515760e-04,1.001573740741013713e-01
5.243489630919682953e-02,9.388765410216011464e-02,2.968588125425282720e-01,2.346848885691329156e-01,1.718913073178661710e-01,3.596273633103130862e-02,8.910144055313621789e-03,1.053695607727708899e-01
5.090658472173278243e-02,9.370198319282241339e-02,2.902885435430338501e-01,2.509410097019424413e-01,1.728080014000957509e-01,3.219863948693033745e-02,6.922966603915585958e-03,1.022322713495268515e-01
5.209776384170938107e-02,1.019777301000892311e-01,2.929489113640038611e-01,2.558478670894785978e-01,1.681829149673955415e-01,2.213838479435448203e-02,2.589314825742280220e-03,1.042171130172265120e-01
4.608101029434778090e-02,1.380330989499846950e-01,2.577082152944428772e-01,2.691053136560524472e-01,1.694295892391748382e-01,2.265305785381919665e-02,4.562172293397189979e-03,9.242754241878099741e-02
4.532784592517449113e-02,1.025215429318011434e-01,2.974489948697044417e-01,2.372958866335416472e-01,1.800470983064945130e-01,3.765814036938610471e-02,8.929713568587193534e-03,9.077077739531032308e-02
5.053713151233077405e-02,1.411200471763057185e-01,2.716500722275475566e-01,2.774687562158888454e-01,1.582248338409983635e-01,4.678640615023399000e-07,4.319393875160893976e-09,1.009986868434734897e-01
5.706654006848089350e-02,9.141417967430452707e-02,2.964711100668183663e-01,2.582162818812911986e-01,1.623394035525518864e-01,1.860036674854886884e-02,1.765241861969040491e-03,1.141268761460352554e-01
0.000000000000000000e+00,5.447587880658491533e-02,3.253042943211085225e-01,2.670197339418272087e-01,1.872145409555430462e-01,4.246367258963669108e-03,3.016043569789733669e-04,1.614375803589936098e-01
5.325084345571756000e-02,1.033077532899844414e-01,2.899440546605969726e-01,2.672222163493659375e-01,1.633998427636509099e-01,1.534721951004497029e-02,1.019732071560512264e-03,1.065083378990789309e-01
9.776306884570597558e-03,1.231152432833884230e-01,2.984029987016750818e-01,2.201007013769370746e-01,1.858346253184374741e-01,6.940170458328523417e-02,7.372773184828761150e-02,1.964068800341856741e-02
5.651966849435865331e-02,1.146927916074973325e-01,2.822519875528989863e-01,2.830156077397825154e-01,1.441203106368546538e-01,6.139572036600728783e-03,1.075788301896351960e-04,1.131524831018174554e-01
4.772979352548342713e-02,1.429848195799303945e-01,2.601737582249326608e-01,2.646760518406138796e-01,1.723098726406441517e-01,1.576072158862354064e-02,8.936041219722896814e-04,9.547137847779978148e-02
6.322345146887524414e-02,8.427904474419015135e-02,3.054657200977865528e-01,2.492025977307114337e-01,1.698957092179607109e-01,1.427868709044816890e-03,5.837393162667456646e-05,1.264472340998043787e-01
1.617125974213277760e-09,1.025064097407670238e-01,3.026289986719460923e-01,2.559920430466761099e-01,1.731763143986050912e-01,8.415319327072756650e-02,8.154303925415222476e-02,0.000000000000000000e+00
1.881613386498551949e-02,1.624311873454365451e-01,2.576393884282524582e-01,2.250554746992068644e-01,2.060572452382490316e-01,5.828836475126427524e-02,3.403508384717168767e-02,3.767712182543366678e-02
3.510297903720435708e-02,1.062985178855922891e-01,2.939541015777273891e-01,2.215940736518132448e-01,1.548824629790912788e-01,6.377645530205741653e-02,5.411567392659602516e-02,7.027573563991808270e-02
4.575525864627751071e-02,7.859038387259181802e-02,2.878292346765022325e-01,2.251983515440255379e-01,1.566642864380904943e-01,5.321265751495050239e-02,6.125376536667346411e-02,9.149606194088834299e-02
4.791078768787208897e-02,6.608286692653202177e-02,2.965061314735223941e-01,2.023210184077097185e-01,1.684975293480117930e-01,6.132205697137702721e-02,6.151624427649417248e-02,9.584336490848066603e-02
4.363771123489117859e-02,8.581315828977632842e-02,2.829101742789912888e-01,2.312283746816156671e-01,1.493242314021608619e-01,6.206927629251171585e-02,5.750520410608221666e-02,8.751186971397079128e-02
4.500211496430505526e-02,1.453833648577219362e-01,2.580567049289717585e-01,2.580884878094705237e-01,1.805579248672864734e-01,2.127017301501566565e-02,1.752973683527314945e-03,8.988825587370109782e-02
7.298873884858045336e-04,1.008320117687877548e-01,3.197640396797334361e-01,2.212902887958759501e-01,1.983086799656575694e-01,7.678648495500951798e-02,8.056278851910174399e-02,1.725818927348319503e-03
1.889040892902416752e-02,1.619458743694874026e-01,2.547857045774754026e-01,2.227399636202159472e-01,2.066729452323537441e-01,5.993489610725267341e-02,3.726018988442601765e-02,3.777001727976466577e-02
1.945510127530924657e-02,1.636961403459684938e-01,2.509257914888764485e-01,2.175659102142692147e-01,2.049518035805947269e-01,6.734501984637207561e-02,3.718581262387218866e-02,3.887442062473776133e-02
5.990985421759617936e-07,9.593160653288229645e-02,3.283997273274619211e-01,2.177654800221713594e-01,1.931162670555132965e-01,1.012664627569727638e-01,6.349527630631272845e-02,2.458090014344193328e-05
6.918918511403059525e-10,1.144135321601936761e-01,3.227557283284762657e-01,2.535799197058296595e-01,2.170405125767636001e-01,6.541514821316327111e-02,2.677568214017799278e-02,1.947618350360309843e-05
1.676796681825505966e-02,1.574209227487885498e-01,2.791456752519957951e-01,2.494889065931035765e-01,1.920753385700769977e-01,5.098538459177595628e-02,2.057661648137435600e-02,3.353918894462983719e-02
1.067238932127743609e-02,1.239490108996554873e-01,2.959628778286695350e-01,2.359734279611614416e-01,1.687239934211701431e-01,6.872984230712213261e-02,7.465361898043525180e-02,2.133483928050863496e-02
4.762347524541548499e-02,8.686145610559881103e-02,2.906540312591668895e-01,2.128765501672432447e-01,1.724505083563162289e-01,6.199797928593413221e-02,3.223194968573978025e-02,9.530404989458550469e-02
4.113516129333065485e-02,9.675194463943634360e-02,2.817623100469963671e-01,2.297122294490756833e-01,1.538259586744459007e-01,5.716703194694315593e-02,5.728734233966392003e-02,8.235802161010806477e-02
2.833889084865153646e-02,1.140518805610259145e-01,2.988508395524664407e-01,2.968644396043357281e-01,1.613182023827240685e-01,1.473345300978048424e-02,2.919405580619629376e-02,5.664823823481968113e-02
0.000000000000000000e+00,1.188583378130916302e-01,3.064544353429794477e-01,2.679282993248122691e-01,1.827771579719480732e-01,1.101099307671795507e-03,5.518855847760006998e-05,1.228254816810191580e-01
5.290169228391149170e-02,1.121992055394395865e-01,2.887913212116391404e-01,2.719504648647373402e-01,1.529298597580323327e-01,1.426631853651567743e-02,1.065901746499832176e-03,1.058952360592245318e-01
4.402965460192433816e-02,1.383607030893263812e-01,2.563648444512307556e-01,2.671339118040503835e-01,1.652871310729313870e-01,2.961715329306324057e-02,1.116733778443270396e-02,8.803926390304073202e-02
2.485863243636911475e-04,1.001201481829040452e-01,3.197907508589598602e-01,2.208759360585302867e-01,1.982865829547953429e-01,7.720992339394408543e-02,8.285966953947777880e-02,6.084026870248940809e-04
4.259934519308374024e-02,8.881367426296146728e-02,2.844813249381744069e-01,2.252658027703710042e-01,1.489491753007902985e-01,6.072891470747529552e-02,6.419019554210347867e-02,8.497156728504022538e-02
3.782981836599276504e-02,1.029855664853141645e-01,2.845107207933427751e-01,2.285622924293560509e-01,1.390857392244871649e-01,6.055782136380824521e-02,7.080448063281044591e-02,7.566356070488831909e-02
5.588338635289141765e-02,8.435124422502400521e-02,3.025197129083655456e-01,2.386224291883336790e-01,1.780279161360355245e-01,2.578707654731538651e-02,2.999193453961119388e-03,1.118090411880733326e-01
1.398302383843154535e-02,1.376034601168648897e-01,2.652825161535706244e-01,2.563014363751012215e-01,1.572344438815863887e-01,6.918046261268284702e-02,7.244686826493618170e-02,2.796778875682636237e-02
4.532026425435730504e-02,1.463387335514542142e-01,2.599015848775977910e-01,2.584757974894367205e-01,1.776195450835535705e-01,2.008649954987648534e-02,1.612499081117574990e-03,9.064507611260620712e-02
4.471999441285161303e-02,8.103473844787900671e-02,2.842335426053416714e-01,2.281437883470765760e-01,1.506158209256713010e-01,5.838702443006611037e-02,6.340537045493881141e-02,8.945972037617495876e-02
0.000000000000000000e+00,1.048341206683209986e-01,3.248766497696722322e-01,2.655166817699750603e-01,1.927592295833274738e-01,1.120133182087041795e-01,0.000000000000000000e+00,0.000000000000000000e+00
4.999090839316507051e-02,1.030093109603023027e-01,3.134323019900385199e-01,2.565990731875076869e-01,1.775623786821420580e-01,9.940602678684430649e-02,0.000000000000000000e+00,0.000000000000000000e+00
5.352601883575967140e-02,1.084222238410373490e-01,2.893897646365690690e-01,2.653678849864943290e-01,1.598723496217937246e-01,1.555604947423917112e-02,1.136664186984923108e-03,1.067290444171219294e-01
2.665610135617421405e-08,9.882856714139681698e-02,3.213314205327437723e-01,2.175535920582237215e-01,1.955499035067702063e-01,7.791862267153998323e-02,8.877695403136785790e-02,4.091340185622719484e-05
4.971762181480939707e-02,1.022516794646509686e-01,2.906402630490675376e-01,2.382466346574160787e-01,1.734579029998339350e-01,3.666666835290362941e-02,9.309267503281188835e-03,9.970996215803713814e-02
5.802823483265891896e-02,9.501722342814906963e-02,2.910624741265099291e-01,2.680632742312664685e-01,1.578491840095631593e-01,1.324200519241290099e-02,7.432989971400545378e-04,1.159943051822995980e-01
0.000000000000000000e+00,9.731880561371676619e-02,3.182999848390941078e-01,2.791550840757979768e-01,1.570682332424961636e-01,1.275962406391966709e-02,7.230258613806994855e-04,1.346752423035945112e-01
2.522593255797320536e-02,1.206988880906400136e-01,3.034614274081438023e-01,2.407527592975612918e-01,1.649904692331078393e-01,8.501760658633968071e-02,9.412640135403717648e-03,5.044027669083038512e-02
5.899032098700061205e-02,9.958228821471901138e-02,3.067151979480540747e-01,2.483473567898518697e-01,1.684580285615557282e-01,1.647273718389809903e-06,4.205901952749016732e-08,1.179051181660808051e-01
4.392900943954824305e-02,8.362280730038651466e-02,2.855523858138269144e-01,2.272268769013381928e-01,1.538029805584328891e-01,5.742072692433917991e-02,6.058556095527003332e-02,8.785965210685786619e-02
4.868772167814005430e-02,1.413613000514627738e-01,2.630643591347316401e-01,2.699048369113399293e-01,1.664672223895758418e-01,1.261492725709086223e-02,5.295712347288912200e-04,9.737006134293002546e-02
3.819153854904437650e-02,1.400756094638221094e-01,2.854452835968540048e-01,2.892262725746009844e-01,1.613777756288321819e-01,9.113536393997217003e-03,2.461995189374849486e-04,7.632378427391162123e-02
5.774563836076720275e-02,9.814428959126496321e-02,2.917575340054524569e-01,2.661667265300006191e-01,1.566820556475727877e-01,1.340750205699738594e-02,7.841221597659859752e-04,1.153121316481785230e-01
4.995269059320710942e-02,1.141300705107976682e-01,2.932248137423616452e-01,2.648807227488882976e-01,1.612684540301385083e-01,1.570613377427879445e-02,1.130601289936294983e-03,9.970651331039176446e-02
2.601860533380003022e-05,9.863888948167688631e-02,3.169387049258548528e-01,2.210703832036613747e-01,2.001066743826675487e-01,8.006046021982846095e-02,8.310668565665237095e-02,5.218352432476082610e-05
2.676375791875823095e-03,1.242788336660867604e-01,3.264539028172300239e-01,2.580278090865326113e-01,2.189778180608505098e-01,5.086354924775442904e-02,1.274948362612507435e-02,5.972227703544861349e-03
0.000000000000000000e+00,1.203754627390622584e-01,2.903008969482063217e-01,2.873850428580687066e-01,1.535627114927809456e-01,9.634884449160961706e-03,3.498678390821279060e-04,1.383911336736385611e-01
1.855502804550044141e-02,1.601735611279379301e-01,2.547901482734972745e-01,2.242614965611419153e-01,2.084368743095298127e-01,6.577878894604341498e-02,3.047590519570056791e-02,3.752819754064865010e-02
0.000000000000000000e+00,1.368711630894891840e-01,3.041223971106681856e-01,2.330537336405321402e-01,1.931758472635132229e-01,5.378217879044300959e-02,7.899468010535407037e-02,0.000000000000000000e+00
5.024584629277530079e-02,9.383218117579310291e-02,2.965397170562916740e-01,2.359435799819383783e-01,1.779333127290589345e-01,3.633311691966312901e-02,8.283548984219801098e-03,1.008886968602597106e-01
1.363675217787749423e-02,1.360281026636659396e-01,2.671394262249512375e-01,2.598136173812329308e-01,1.530637493391541204e-01,7.170100213350293072e-02,7.132416788907745830e-02,2.729318219053758834e-02
3.316444673768228352e-02,1.052067485078935355e-01,2.857018317909713612e-01,2.313706742031197416e-01,1.468302181755817282e-01,6.663854162300057726e-02,6.483626829491870303e-02,6.625127066683196564e-02
2.373875481696238569e-03,9.966875283621252912e-02,3.067714964506955133e-01,2.472079283510866810e-01,1.775537972852013757e-01,7.702169861423902031e-02,8.466391178437387977e-02,4.738539196494970414e-03
5.045988479574006758e-02,1.123153361681575035e-01,2.926546741747292346e-01,2.603549103708646117e-01,1.632558090364007730e-01,1.837357180408097715e-02,1.689449028943746040e-03,1.008963646210829096e-01
5.900982281797206158e-02,1.051258758364414098e-01,2.850896380680105757e-01,2.843404019648650416e-01,1.424725675924900792e-01,5.820771370413677787e-03,9.616106785437063069e-05,1.180447612819527925e-01
4.564745490988140336e-02,7.920975429013506208e-02,2.865214835901985779e-01,2.257558379187969422e-01,1.583155037160148548e-01,5.319872169575289023e-02,5.999114453236831929e-02,9.136009934685188072e-02
5.169248060758546703e-02,1.028866568135429760e-01,2.905266227899349074e-01,2.548027148378043671e-01,1.688818944432291247e-01,2.458425596301533692e-02,3.464549015741219887e-03,1.031608255291466131e-01
1.106209153480847487e-02,1.250233929786870035e-01,2.890313989507801162e-01,2.437886236163236131e-01,1.692003181728635175e-01,5.889629013801907925e-02,8.084815352294053015e-02,2.214973108557775905e-02
1.391054212701610913e-02,1.376400710969959418e-01,2.670878947692884586e-01,2.580651918872325368e-01,1.560883524127306965e-01,6.773362477535629922e-02,7.165847603279580647e-02,2.781584689858436835e-02
1.830530548213845851e-02,1.593538487582159269e-01,2.564499321047312153e-01,2.265400240157594280e-01,2.090469772202004639e-01,4.604760442687527711e-02,4.763920413726194930e-02,3.661710385481710406e-02
4.824407668077018013e-02,7.607553900085249621e-02,2.949729009089546161e-01,2.016466204892045644e-01,1.768405651727136818e-01,6.639143441995748463e-02,3.932648921997927011e-02,9.650237410756790091e-02
5.624223710897079814e-02,1.072858799577846717e-01,2.935629287042063607e-01,2.646735849544241681e-01,1.521327483722076379e-01,1.335715944540629210e-02,8.554228979501078212e-04,1.118900385590500535e-01
1.297995586046462452e-02,1.426537462918288646e-01,2.992956992354210422e-01,2.284209676784136889e-01,1.910948290106253833e-01,8.425880459560164404e-02,1.525709021372095332e-02,2.603890711392385995e-02
4.492347166630543398e-02,1.453908452688330577e-01,2.595272862980907425e-01,2.593026851575150338e-01,1.791644938837700374e-01,2.038972667755541146e-02,1.445221618761551117e-03,8.985626942916885573e-02
9.445934180397861160e-03,1.291109247026458740e-01,2.815962345934631683e-01,2.407917748703229666e-01,1.700021760487069877e-01,7.360457789052909927e-02,7.658114093712925508e-02,1.886723677680477926e-02
5.647088826656172789e-02,8.615856290044794641e-02,2.922617210607026395e-01,2.458455137992756334e-01,1.717972848395400987e-01,2.915882228411661309e-02,5.143320419697878718e-03,1.131638864296573982e-01
1.033557169337086072e-02,1.209064322739591413e-01,2.926557300836419295e-01,2.419761315944640723e-01,1.725474030963420335e-01,6.076293679464647018e-02,8.020504114922469285e-02,2.061075331435089850e-02
5.254388250918143322e-02,9.030586640818495658e-02,2.957358881222674207e-01,2.394176287008850657e-01,1.743683932226088584e-01,3.442406975340802505e-02,7.693989024599856910e-03,1.055102822588644962e-01
3.985071692457857473e-02,9.118486747182405483e-02,2.856020423052624824e-01,2.287546938425144283e-01,1.463410683265567169e-01,6.358148956845992295e-02,6.495642122163482191e-02,7.972870033916903965e-02
1.687608239192457324e-02,1.672801982203326598e-01,3.107888800759135983e-01,2.764463118496707228e-01,1.917664425384582039e-01,2.823606739808461660e-03,2.300338280956269667e-04,3.378844435579617111e-02
1.012233381378668286e-02,1.193616088464373309e-01,2.923047865452979566e-01,2.424223869348418603e-01,1.737436991430470201e-01,6.131118542237729702e-02,8.042662468896168149e-02,2.030737460525032512e-02
4.627442180518934189e-02,1.446514742753917671e-01,2.544838818456001683e-01,2.748345147891546048e-01,1.368460925727935651e-01,4.395226552094635974e-03,4.631706941920769871e-02,9.219731874056809329e-02
1.854075014316349662e-02,1.612876929059972597e-01,2.587049921878103453e-01,2.270773392214781861e-01,2.071606469118445759e-01,4.367774193150070206e-02,4.618329394115511938e-02,3.736754275705019696e-02
6.229679640309445515e-02,6.556800465294757019e-02,3.120559643915033488e-01,2.601227229914783723e-01,3.851903846380116264e-02,1.170778307316397704e-01,2.060992215635740199e-02,1.237497202091778353e-01
4.414692789976744076e-04,1.007639547504363964e-01,3.196494066123750089e-01,2.217532532806313905e-01,1.989270622284866064e-01,7.698675503386395724e-02,7.959457510530565383e-02,1.883523709903290027e-03
4.796783484465651920e-02,1.260494448320370886e-01,2.997763613989138931e-01,2.533281767998034062e-01,1.767517080912902605e-01,1.772766117464596970e-04,2.263173618145099204e-05,9.592656568537093198e-02
4.735678065367251999e-02,7.796504330661194193e-02,2.947214842097565790e-01,1.998086615599028448e-01,1.703481860538693382e-01,6.089608241555951457e-02,5.414533494093061450e-02,9.475842685969662615e-02
1.000814048959764412e-02,1.186308149522900673e-01,2.925847996925537986e-01,2.408069733278864477e-01,1.686343483634876184e-01,7.103121483853637452e-02,7.827287396473335546e-02,2.003083437091457419e-02
5.143670268025111320e-02,1.273920191171112604e-01,2.788968174057767646e-01,2.887040175003124376e-01,1.450887073551204720e-01,5.420007919316305496e-03,7.311446072747909513e-05,1.029886135613842790e-01
4.790679224432272537e-02,8.999698367077108019e-02,2.873954265269928476e-01,2.361093132682214879e-01,1.531214594726875433e-01,7.735471352906486686e-02,1.227121313457077596e-02,9.584409815336872307e-02
1.479150132802529299e-02,1.482554594392516412e-01,2.874945336408518681e-01,2.656342324082743289e-01,1.730473751104049385e-01,8.119539948484968961e-02,3.392332553938926215e-06,2.957810625578823766e-02
4.581880845113588813e-02,1.450679143404913773e-01,2.583358917416692102e-01,2.591947544876884724e-01,1.785289629205014938e-01,1.981919563643676913e-02,1.633471459914460737e-03,9.160100096216239329e-02
5.251539669970938656e-02,1.021535862178404169e-01,2.918946432065954721e-01,2.426318664994813190e-01,1.689711506665593221e-01,3.054591734794157715e-02,6.121058912419286360e-03,1.051663804494533255e-01
2.864435240585284578e-02,1.425797890303482918e-01,3.129783359363387252e-01,2.679728481307183663e-01,1.905247965692843659e-01,1.368363952133905781e-09,8.098134655645818563e-09,5.729986846095897618e-02
4.332582220298325515e-02,8.451525747429362856e-02,2.829587868217726121e-01,2.296241988517628285e-01,1.503923284189533915e-01,5.779082066502461840e-02,6.477725620506769033e-02,8.661552936014203785e-02
1.201087359960225157e-02,1.356039232796378835e-01,3.074952901776716874e-01,2.587326902080214763e-01,1.739751968660710191e-01,8.665503023755218026e-02,2.552699563144344638e-02,0.000000000000000000e+00
5.997955902537941211e-03,1.222784298000240133e-01,2.932995251722105845e-01,2.847037646708037162e-01,1.726659519892642936e-01,1.030525491238508257e-01,5.999028732650798536e-03,1.200279460865784874e-02
4.321303886138156553e-02,9.896432232057833511e-02,2.909275236219878713e-01,2.319891442403441972e-01,1.468372970887623641e-01,8.470144077973247587e-02,1.696371296067977069e-02,8.640352012653348956e-02
0.000000000000000000e+00,1.330621184944376922e-01,2.846039284748560494e-01,2.582795513859750258e-01,1.887994415773823209e-01,2.752294918546439872e-02,1.191402641120980132e-03,1.065406082407636262e-01
1.030887833215802206e-02,1.209692519528741544e-01,2.927327987402766896e-01,2.335323403920580021e-01,1.781094593571465323e-01,6.443568517446819632e-02,7.929988069544327556e-02,2.061170535557498712e-02
4.629470995092070662e-02,1.424043806628175479e-01,2.664891243361489082e-01,2.698576224641063281e-01,1.707158128734941605e-01,1.127287516020735077e-02,2.505286414933735281e-04,9.271494591081158587e-02
3.785696003085781830e-02,9.812104313108642450e-02,2.853185002131132797e-01,2.256597360171160582e-01,1.556785712816731726e-01,5.731707155782491542e-02,6.421057025592850909e-02,7.583754751240000258e-02
2.844536602967368683e-02,1.662343792849678981e-01,2.526826112664822821e-01,2.269682223408596156e-01,1.988264873848351044e-01,5.217304331053868038e-02,1.789944435477158063e-02,5.677044602787134631e-02
0.000000000000000000e+00,0.000000000000000000e+00,3.062142002113162897e-01,2.591734145188502869e-01,2.127269706975843944e-01,6.471674726998319360e-02,1.001808816340543293e-02,1.471505791388604267e-01
4.502384183800079570e-02,1.463873514590504910e-01,2.584748717096145842e-01,2.570861193237430897e-01,1.798678849106803979e-01,2.143880409136212153e-02,1.800435354854140616e-03,8.992069131269433968e-02
5.237703164374105796e-02,8.001692960419713729e-02,2.953120890483064698e-01,2.372028642896714112e-01,1.568595157026592690e-01,7.064047484979017744e-02,2.577795959969969748e-03,1.050132989016644564e-01
0.000000000000000000e+00,1.473870931888343894e-01,2.747807573524618241e-01,2.295573326485548238e-01,1.946225459392391111e-01,4.483442899158082695e-02,9.683904390184133390e-03,9.913393748914484105e-02
1.375912165744031489e-02,1.366848522623462792e-01,2.668825267552669689e-01,2.589193591788725990e-01,1.562508696104387418e-01,6.557564243539834581e-02,7.440305795826233914e-02,2.752457014197443042e-02
5.756290779275457375e-02,1.093073052009061186e-01,2.836848837847785187e-01,2.831585948899524308e-01,1.431623004760438078e-01,7.578781065668270880e-03,2.139808172681452025e-04,1.153312459726280464e-01
5.114618101508307257e-02,5.656434864803867868e-02,2.876940098705821347e-01,2.281457813944698931e-01,1.502510088229104812e-01,6.050265700567514920e-02,6.346477107670836504e-02,1.022312421665321214e-01
1.388921457821057186e-02,1.372400865480592480e-01,2.660136630225560794e-01,2.573933012804652254e-01,1.545893057000413129e-01,6.651916476385513755e-02,7.658199874556283204e-02,2.777326536124955988e-02
9.401803075516244543e-03,1.230986590424158755e-01,3.058935729974629480e-01,2.271933942097956183e-01,1.962159607106770953e-01,7.420707212353305771e-02,4.514409137043549208e-02,1.884544647016359736e-02
5.824464204794811001e-02,9.718032444810464909e-02,2.954395395970493832e-01,2.633106015698229441e-01,1.545356712662503684e-01,1.378264460850094596e-02,8.810487627105070005e-04,1.166255276996130963e-01
5.294788416827361788e-02,1.297400927522844027e-01,2.756307604935321343e-01,2.855977717990016984e-01,1.448789486371032942e-01,5.579136206819448884e-03,7.895347204060040229e-05,1.055464524709450458e-01
5.146966152903219988e-02,9.633498950608898603e-02,2.974164004123046601e-01,2.363930717456020347e-01,1.764400737207635628e-01,3.260099311187754367e-02,6.053385714041494871e-03,1.032914242602895744e-01
4.407668437582475812e-02,1.018826653690206169e-01,3.113321798579353761e-01,2.703934397459157313e-01,1.402036445449806878e-01,4.407742367206984174e-02,8.803396243425277989e-02,0.000000000000000000e+00
1.003737262492523756e-02,1.190319736582129417e-01,2.938600873275324377e-01,2.463907832540289111e-01,1.569995233978559168e-01,8.676804627244713575e-02,6.681672479873648762e-02,2.009548866626103061e-02
1.411914721427571726e-02,1.383406880924379356e-01,2.650301902142294108e-01,2.552593910508021979e-01,1.580300286771851304e-01,6.954559992358871900e-02,7.142119117548671736e-02,2.825376365199411960e-02
4.765983322290857221e-02,8.728779918372210622e-02,2.913500531613727462e-01,2.295514882396431644e-01,1.577233136353567433e-01,7.351441228187745314e-02,1.741275531437868479e-02,9.550034496074068235e-02
1.891862194131888053e-02,1.622696540768357731e-01,2.553549376933501036e-01,2.230159848899948283e-01,2.063491212804354491e-01,6.432688961816018791e-02,3.190887106783880933e-02,3.785591943206605831e-02
0.000000000000000000e+00,5.497689806042881100e-02,3.139779320678297569e-01,2.497908972717956533e-01,1.692490941522245829e-01,8.635677292354256018e-02,1.661433394601771426e-04,1.254822621847184738e-01
1.699359573562777420e-02,1.584026955167872341e-01,2.777368122043860077e-01,2.472138228580864627e-01,2.050922422525175426e-01,4.770501563433414416e-02,1.235572216064244680e-02,3.450009363761839809e-02
1.212738050458589921e-02,1.364770440952012276e-01,3.078545230906989949e-01,2.550207785975607822e-01,1.786113245288778462e-01,8.551702294211059596e-02,1.150187321942311783e-04,2.427690750877056075e-02
1.280980357657953751e-07,9.888841088545273494e-02,3.115263304813792322e-01,2.413881627372196914e-01,1.762999496343071737e-01,8.268521546498905361e-02,8.921154612247657323e-02,2.565761396652142103e-07
1.384855189714379389e-02,1.371432293768246879e-01,2.665949314579521001e-01,2.581314311494687930e-01,1.577748123293179483e-01,6.644352808801209931e-02,7.235967663908750291e-02,2.770383906219317863e-02
4.874742178694418948e-02,1.423778585652360484e-01,2.685160980577387391e-01,2.725894106841779130e-01,1.594937895550063989e-01,1.047251241853717173e-02,3.568984007931892970e-04,9.744601053156622117e-02
1.461481398039521547e-02,1.412816385996722712e-01,2.651106198998992025e-01,2.520610916142903002e-01,1.658076376251018114e-01,6.683166926982134215e-02,6.508644679255400078e-02,2.920608221826594478e-02
1.624013518034391415e-08,9.911035768052368911e-02,3.102264144430751380e-01,2.756597483436815099e-01,1.612301234855331444e-01,5.562341520241432385e-02,9.792166401927712704e-02,2.282605853597775901e-04
4.912312013480758799e-02,6.651638212474451917e-02,2.858937067152297895e-01,2.285735414043884028e-01,1.504540640394588513e-01,5.885561451884801371e-02,6.239108196046590227e-02,9.819248910205710668e-02
1.657916192661583119e-02,1.644334571034897774e-01,3.058418110559185110e-01,2.603539362471182228e-01,2.007353052805852245e-01,1.916613813909127939e-02,3.289019024718120576e-02,0.000000000000000000e+00
9.757746917614098722e-03,1.246843468116149573e-01,2.821038583810283051e-01,2.525561467348398925e-01,1.609081593673915844e-01,7.379257962207758093e-02,7.653259822520079581e-02,1.966456394023272450e-02
1.386358608920804092e-02,1.372924819870504076e-01,2.668273026208853871e-01,2.581992557997986881e-01,1.555690497049984355e-01,7.182496990553148553e-02,6.868124148329686485e-02,2.774211240923058971e-02
5.414879932463154827e-02,1.292022831713874331e-01,2.601472261491160620e-01,2.910900007019440183e-01,1.519503103170565250e-01,5.234791755522046758e-03,4.883341355015473101e-05,1.081777551667922610e-01
0.000000000000000000e+00,8.170244028860750019e-02,3.089291139064733183e-01,2.412937467163391303e-01,1.924944939996570403e-01,6.732411461440990230e-02,1.082560904745129282e-01,0.000000000000000000e+00
1.885863495474535481e-02,1.623447605770959590e-01,2.566235053984651238e-01,2.241567615415480386e-01,2.061897099957654689e-01,6.338960603797565152e-02,3.064959193352188166e-02,3.778742956088243510e-02
3.748147316030556609e-03,1.441957923945284548e-01,2.892811572945409582e-01,2.494193395960822013e-01,2.205307806724589315e-01,6.293979229096414996e-02,2.237801996540801294e-02,7.506970469986799441e-03
1.500608265853548701e-02,1.494628765749882182e-01,2.872104041851285539e-01,2.642002717984774374e-01,1.714593508449767933e-01,8.267626325131534337e-02,2.884423773125653227e-07,2.998446224420090594e-02
2.645644028072504419e-05,9.778956146716159814e-02,3.226280527889126004e-01,2.205940823766694980e-01,1.969967297527952521e-01,8.202588399426793964e-02,7.985897875923457512e-02,8.025442067785242407e-05
2.262718102868656358e-05,9.971575735709954647e-02,3.055291873698430805e-01,2.582763018056760673e-01,1.675473098847402864e-01,8.474832078793337331e-02,8.409782510920078835e-02,6.267050447837436598e-05
3.639490622804013309e-02,1.273006732908986971e-01,2.411098826967936204e-01,2.618644626523294883e-01,1.479005233502559691e-01,5.452769259534649693e-02,5.818002317671928242e-02,7.272183600961633354e-02
4.229398089136230526e-02,8.745129603908094462e-02,2.814143719630595730e-01,2.280756213437120372e-01,1.454063836432306633e-01,6.471571659206366844e-02,6.610014387194054764e-02,8.454248565555023964e-02
4.444022143054884161e-02,8.575115527063799370e-02,2.855387630626040063e-01,2.288085273373104966e-01,1.525400367926016965e-01,5.084704879914921788e-02,6.282619770500984246e-02,8.924804960213797433e-02
1.129048943068915352e-02,1.276660854179242910e-01,2.847108315312506521e-01,2.429934132712249228e-01,1.623726716524570013e-01,7.175582083615068829e-02,7.662314339627061821e-02,2.258754446403267099e-02
0.000000000000000000e+00,8.236113340916530190e-02,3.061730175790762787e-01,2.367061802577266616e-01,1.914507415065329898e-01,5.176082955041766409e-02,1.846571063563304943e-02,1.130823870614482418e-01
4.884518785073811709e-02,9.807593182060664327e-02,3.015253197826889275e-01,2.432238577421779735e-01,1.793228605292295774e-01,2.753273267325616336e-02,3.688540737855212394e-03,9.778556886344746957e-02
5.218637590971264562e-02,1.153947416553470079e-01,3.044697783788743450e-01,2.523636910323496241e-01,1.711823880998128156e-01,8.855942632470783295e-06,6.605675538666572275e-07,1.043935084137174035e-01
4.611793085987084956e-02,1.020318546349546773e-01,2.911381618723486997e-01,2.410714767372509337e-01,1.575164272524976206e-01,6.990475550659511206e-02,3.676665420616058471e-05,9.218262648227598666e-02
1.501159099645983845e-05,1.018469538865249824e-01,3.184699119903802722e-01,2.201959009537381995e-01,1.980985366038758855e-01,8.018398911727518674e-02,8.115673887375335349e-02,3.295698345579032277e-05
4.735392317010637953e-02,8.233086545594342498e-02,2.957747080871946377e-01,2.317810116256796282e-01,1.558175362628234362e-01,7.657907873484673389e-02,1.557980206823560837e-02,9.478307459516993605e-02
0.000000000000000000e+00,1.321961449100796382e-01,2.708548222361430446e-01,2.447569804846254915e-01,1.931478487261338584e-01,4.078417337689840133e-02,2.552103879196761585e-02,9.273899147415190503e-02
4.673053962852222881e-02,1.332241504486539052e-01,2.748338037472207174e-01,2.675987506624902257e-01,1.681175548542713505e-01,1.520530510279893485e-02,8.936004483157170518e-04,9.339629510772681775e-02
0.000000000000000000e+00,4.109039257946197482e-02,3.330237848798753841e-01,2.817001502621038211e-01,1.687754466924990260e-01,2.523236073684879260e-02,4.090185844906924460e-03,1.460876790043040829e-01
0.000000000000000000e+00,1.285476146378972673e-01,2.888089436019174450e-01,2.686294910538877256e-01,1.837048360778708311e-01,2.275765802172366806e-02,1.820640819985071268e-03,1.057308157867180437e-01
5.457933489203424526e-02,9.990509972817249174e-02,2.985448013002059420e-01,2.391475234720286114e-01,1.648160992590301799e-01,2.882213737207071219e-02,5.080591518112021789e-03,1.091044124583457064e-01
1.364316414510645739e-02,1.152497089341674025e-01,2.951722470518656216e-01,2.467997743318181558e-01,1.605895700003329429e-01,5.526660607850171492e-02,8.596436082021748082e-02,2.731456863799020668e-02
4.280839494190630257e-02,1.464953811311160148e-01,2.563396899062321821e-01,2.538251782224743014e-01,1.862523365629520367e-01,1.656906233387103744e-02,1.199747234469279895e-02,8.571248455675528621e-02
3.796938578512299914e-06,1.048031867387695243e-01,3.213182363041294232e-01,2.165971490770858821e-01,1.960576214107538073e-01,8.090595432087731298e-02,7.996288728236075616e-02,3.511679274446232639e-04
5.801114162620719938e-02,9.231252015745680661e-02,3.059349452288275817e-01,2.496027750412807278e-01,1.728256548191552944e-01,4.140642103364698678e-03,8.724534644103872387e-04,1.162998675592971515e-01
5.728575430267473373e-02,9.398637920142983992e-02,2.942203742510344777e-01,2.612660235957864341e-01,1.607134455953194707e-01,1.661609346798226250e-02,1.327826910918455299e-03,1.145841026748542768e-01
5.315159626021805084e-02,8.767426004521357286e-02,2.914538824665998673e-01,2.474399220398764421e-01,1.715734604231069771e-01,3.386185055750053075e-02,8.049432471791533386e-03,1.067955957356930136e-01
2.346816842027340741e-02,1.370823763542974860e-01,2.967690373853973385e-01,2.561628179276043138e-01,1.713367506137085383e-01,6.824822297343301203e-02,1.514942627181805877e-05,4.691747689901417523e-02
0.000000000000000000e+00,4.071208761253108932e-02,3.096898468104281044e-01,2.866598985578600600e-01,1.741625423628728186e-01,3.177682423046027799e-02,7.635043408975600125e-03,1.493637570168719619e-01
7.857577969651105424e-04,1.035461324638956709e-01,3.056790781126663137e-01,2.545818583497652665e-01,1.679263103159776838e-01,7.832778768977573247e-02,8.758380452398246974e-02,1.569270746971664207e-03
4.635331054920187321e-02,1.284545513115770976e-01,2.861424865244311389e-01,2.746554066874746236e-01,1.595495416306603187e-01,1.168773375603877722e-02,5.076539421697751943e-04,9.264931559844641340e-02
5.093979120777567676e-02,9.280432704882178585e-02,2.941599306589695595e-01,2.363415599001318923e-01,1.757353741675646286e-01,3.799671532425333287e-02,9.832811950795576281e-03,1.021894897416873171e-01
4.506233754322788720e-02,1.458903403482426364e-01,2.604155640644724157e-01,2.593998954345468344e-01,1.777127926335737296e-01,2.099037307239940212e-02,4.356185950042163369e-04,9.009307830853285903e-02
4.374307096125187172e-02,1.396828305231504475e-01,3.066611447293873249e-01,2.515892185411768844e-01,1.707992178127302196e-01,7.200211112183005975e-05,3.839210146726520255e-06,8.744867611103461502e-02
1.443953925645113240e-02,1.397099720589065897e-01,2.630870716758029748e-01,2.518417409830714937e-01,1.599185534361600158e-01,6.779103720445533998e-02,7.410200228412519574e-02,2.911008310102721278e-02
